i : 0
2.00374 1.9109 1.88013 1.90989 1.82438 1.71998 1.60569 1.52692 1.52692 1.60569 1.71998 1.82438 1.90989 1.88013 1.9109 2.00374 | j: 0
1.78881 1.68442 1.64943 1.68551 1.61507 1.50712 1.39971 1.31034 1.31034 1.39971 1.50712 1.61507 1.68551 1.64943 1.68442 1.78881 | j: 1
1.57912 1.4666 1.42627 1.46969 1.40941 1.29426 1.19217 1.09443 1.09443 1.19217 1.29426 1.40941 1.46969 1.42627 1.4666 1.57912 | j: 2
1.37441 1.26194 1.21484 1.26682 1.21947 1.08828 0.979994 0.879691 0.879691 0.979994 1.08828 1.21947 1.26682 1.21484 1.26194 1.37441 | j: 3
1.17727 1.07609 1.02242 1.08419 1.05626 0.905191 0.784957 0.670891 0.670891 0.784957 0.905191 1.05626 1.08419 1.02242 1.07609 1.17727 | j: 4
0.992234 0.909748 0.861847 0.934291 0.926256 0.761678 0.63073 0.500907 0.500907 0.63073 0.761678 0.926256 0.934291 0.861847 0.909748 0.992234 | j: 5
0.8278 0.773897 0.753755 0.835622 0.810426 0.641248 0.511642 0.380579 0.380579 0.511642 0.641248 0.810426 0.835623 0.753755 0.773897 0.8278 | j: 6
0.71108 0.686868 0.715438 0.806472 0.712394 0.524468 0.391383 0.261607 0.261607 0.391383 0.524468 0.712395 0.806472 0.715438 0.686868 0.71108 | j: 7
0.673428 0.666276 0.717788 0.806526 0.642688 0.451737 0.314404 0.160961 0.160961 0.314404 0.451737 0.642688 0.806526 0.717788 0.666276 0.673428 | j: 8
0.675866 0.648981 0.720415 0.731803 0.567543 0.395645 0.303583 0.15014 0.15014 0.303583 0.395645 0.567543 0.731803 0.720415 0.648981 0.675866 | j: 9
0.680521 0.633486 0.718129 0.693732 0.495747 0.348354 0.258169 0.139319 0.139319 0.258169 0.348354 0.495747 0.693732 0.718129 0.633486 0.680521 | j: 10
0.687147 0.621341 0.705194 0.733333 0.494297 0.319631 0.212464 0.122278 0.122278 0.212464 0.319631 0.494297 0.733333 0.705194 0.621341 0.687147 | j: 11
0.73571 0.674341 0.761327 0.791971 0.568191 0.428403 0.292181 0.15596 0.15596 0.292181 0.428403 0.568191 0.791971 0.761327 0.674341 0.73571 | j: 12
0.858994 0.807055 0.887495 0.859512 0.691998 0.580921 0.448795 0.312574 0.312574 0.448795 0.580921 0.691998 0.859511 0.887495 0.807055 0.858994 | j: 13
1.03073 0.987861 1.05895 0.962246 0.836139 0.72536 0.605409 0.469238 0.469238 0.605409 0.72536 0.836139 0.962246 1.05895 0.987861 1.03073 | j: 14
1.2308 1.19513 1.25731 1.09283 0.980392 0.869798 0.759501 0.630015 0.630015 0.759501 0.869798 0.980392 1.09283 1.25731 1.19513 1.2308 | j: 15

i : 1
1.93578 1.83952 1.80753 1.82604 1.72909 1.61761 1.50138 1.41718 1.41718 1.50138 1.61761 1.72909 1.82604 1.80753 1.83952 1.93578 | j: 0
1.71259 1.60298 1.56617 1.59233 1.52237 1.40754 1.29541 1.2009 1.2009 1.29541 1.40754 1.52237 1.59233 1.56617 1.60298 1.71259 | j: 1
1.49435 1.37229 1.32911 1.36468 1.31919 1.19467 1.08944 0.985496 0.985496 1.08944 1.19467 1.31919 1.36468 1.32911 1.37229 1.49435 | j: 2
1.27858 1.15098 1.09914 1.14673 1.12147 0.981811 0.879723 0.771704 0.771704 0.879723 0.981811 1.12147 1.14673 1.09914 1.15098 1.27858 | j: 3
1.0668 0.944975 0.881824 0.945207 0.941421 0.772752 0.666861 0.561368 0.561368 0.666861 0.772752 0.941422 0.945207 0.881824 0.944975 1.0668 | j: 4
0.861952 0.754311 0.689239 0.773058 0.79393 0.594728 0.470589 0.353992 0.353992 0.470589 0.594728 0.79393 0.773058 0.689239 0.754311 0.861952 | j: 5
0.670409 0.588717 0.548102 0.653915 0.657893 0.472266 0.336679 0.205615 0.205615 0.336679 0.472266 0.657894 0.653915 0.548102 0.588717 0.670409 | j: 6
0.519465 0.475171 0.49876 0.617903 0.540634 0.360789 0.216734 0.0866436 0.0866436 0.216734 0.360789 0.540634 0.617903 0.49876 0.475171 0.519465 | j: 7
0.466894 0.449864 0.501376 0.616921 0.4576 0.276584 0.117816 -0.0330746 -0.0330746 0.117816 0.276584 0.4576 0.616921 0.501376 0.449864 0.466894 | j: 8
0.473585 0.436427 0.504003 0.568393 0.381131 0.209883 0.096148 -0.0464481 -0.0464481 0.096148 0.209883 0.381131 0.568393 0.504003 0.436427 0.473585 | j: 9
0.480307 0.41809 0.506629 0.53333 0.311478 0.144411 0.0504427 -0.0572694 -0.0572694 0.0504427 0.144411 0.311478 0.53333 0.506629 0.41809 0.480307 | j: 10
0.494832 0.403793 0.4954 0.582345 0.341969 0.124395 0.00473745 -0.0854476 -0.0854476 0.00473745 0.124395 0.34197 0.582344 0.4954 0.403793 0.494832 | j: 11
0.56414 0.481374 0.575836 0.640276 0.405891 0.270541 0.142802 0.00658093 0.00658094 0.142802 0.270541 0.405891 0.640276 0.575836 0.481374 0.56414 | j: 12
0.717534 0.654463 0.737197 0.701093 0.52618 0.41498 0.299416 0.163195 0.163195 0.299416 0.41498 0.52618 0.701093 0.737197 0.654463 0.717534 | j: 13
0.91618 0.867671 0.938637 0.796954 0.670434 0.559419 0.449121 0.319809 0.319809 0.449121 0.559419 0.670434 0.796954 0.938637 0.867671 0.91618 | j: 14
1.13659 1.09787 1.13188 0.941914 0.814687 0.703857 0.59356 0.476525 0.476525 0.59356 0.703857 0.814687 0.941914 1.13188 1.09787 1.13659 | j: 15

i : 2
1.89084 1.79216 1.75756 1.75744 1.63645 1.5152 1.40189 1.31357 1.31357 1.40189 1.5152 1.63645 1.75744 1.75756 1.79216 1.89084 | j: 0
1.66162 1.5484 1.50957 1.51574 1.43305 1.30734 1.19111 1.09168 1.09168 1.19111 1.30734 1.43305 1.51574 1.50957 1.5484 1.66162 | j: 1
1.43762 1.30813 1.26268 1.27754 1.23453 1.09509 0.985138 0.876959 0.876959 0.985138 1.09509 1.23453 1.27754 1.26268 1.30813 1.43762 | j: 2
1.2144 1.07367 1.0179 1.04525 1.04369 0.88235 0.779165 0.664553 0.664553 0.779165 0.88235 1.04369 1.04525 1.0179 1.07367 1.2144 | j: 3
0.992166 0.849829 0.778217 0.823875 0.865611 0.672085 0.567276 0.456964 0.456964 0.567276 0.672085 0.865611 0.823875 0.778217 0.849829 0.992166 | j: 4
0.771759 0.636038 0.550507 0.625118 0.705916 0.46908 0.354414 0.250991 0.250991 0.354414 0.46908 0.705916 0.625118 0.550507 0.636038 0.771759 | j: 5
0.555361 0.434139 0.358362 0.478076 0.520324 0.313857 0.161731 0.0394643 0.0394643 0.161731 0.313857 0.520324 0.478076 0.358362 0.434139 0.555361 | j: 6
0.360265 0.272037 0.282337 0.434924 0.369168 0.19728 0.0420839 -0.0883199 -0.0883199 0.0420839 0.19728 0.369168 0.434925 0.282337 0.272037 0.360265 | j: 7
0.277013 0.233451 0.284964 0.433943 0.291912 0.105201 -0.0785791 -0.207724 -0.207725 -0.0785791 0.105201 0.291912 0.433943 0.284964 0.233451 0.277013 | j: 8
0.27381 0.225539 0.28759 0.40526 0.204833 0.0384997 -0.111578 -0.243037 -0.243037 -0.111578 0.0384998 0.204833 0.40526 0.28759 0.225539 0.27381 | j: 9
0.280593 0.206584 0.290217 0.382376 0.133308 -0.0318337 -0.157284 -0.253866 -0.253866 -0.157284 -0.0318337 0.133309 0.382376 0.290217 0.206584 0.280593 | j: 10
0.329632 0.18913 0.287451 0.437335 0.190275 -0.039703 -0.163191 -0.293174 -0.293174 -0.163191 -0.0397029 0.190275 0.437335 0.28745 0.18913 0.329632 | j: 11
0.437008 0.323177 0.415498 0.492303 0.248912 0.1046 -0.00657719 -0.142798 -0.142798 -0.00657719 0.1046 0.248912 0.492303 0.415498 0.323177 0.437008 | j: 12
0.622557 0.548675 0.623183 0.545249 0.360475 0.249039 0.138741 0.0138154 0.0138154 0.138741 0.249039 0.360475 0.545249 0.623183 0.548675 0.622557 | j: 13
0.843626 0.788524 0.854272 0.651779 0.504728 0.393477 0.28318 0.170429 0.170429 0.28318 0.393477 0.504728 0.651779 0.854272 0.788524 0.843626 | j: 14
1.07496 1.02926 1.03481 0.819239 0.65332 0.537916 0.42762 0.321562 0.321562 0.42762 0.537916 0.65332 0.819239 1.03481 1.02926 1.07496 | j: 15

i : 3
1.86789 1.76793 1.72624 1.70592 1.55478 1.43254 1.3269 1.23864 1.23864 1.3269 1.43254 1.55478 1.70592 1.72624 1.76793 1.86789 | j: 0
1.63675 1.52168 1.47563 1.45836 1.34804 1.2093 1.09902 1.00027 1.00027 1.09902 1.2093 1.34804 1.45836 1.47563 1.52168 1.63675 | j: 1
1.41231 1.27759 1.22509 1.21214 1.15529 0.995906 0.881272 0.771219 0.771219 0.881272 0.995906 1.15529 1.21214 1.22509 1.27759 1.41231 | j: 2
1.18701 1.03717 0.974682 0.968251 0.973498 0.786127 0.674863 0.55872 0.55872 0.674863 0.786127 0.973498 0.968251 0.974682 1.03717 1.18701 | j: 3
0.961734 0.803747 0.72453 0.729059 0.789042 0.582188 0.467691 0.352662 0.352662 0.467691 0.582188 0.789042 0.729059 0.72453 0.803747 0.961734 | j: 4
0.736531 0.578206 0.475041 0.501326 0.583692 0.393285 0.25483 0.146689 0.146689 0.25483 0.393285 0.583692 0.501326 0.475041 0.578206 0.736531 | j: 5
0.511489 0.352962 0.228403 0.311306 0.385646 0.233446 0.0419676 -0.0601206 -0.0601206 0.0419676 0.233446 0.385646 0.311306 0.228403 0.352962 0.511489 | j: 6
0.292361 0.128209 0.0659249 0.251947 0.205954 0.0764815 -0.132566 -0.263283 -0.263283 -0.132566 0.0764816 0.205954 0.251947 0.0659249 0.128209 0.292361 | j: 7
0.172205 0.0170394 0.0685516 0.250965 0.121493 -0.067956 -0.252357 -0.382374 -0.382374 -0.252357 -0.0679559 0.121493 0.250965 0.0685515 0.0170394 0.172205 | j: 8
0.120479 0.0146516 0.0711782 0.233781 0.0417078 -0.143101 -0.319304 -0.439625 -0.439625 -0.319304 -0.143101 0.0417079 0.233781 0.0711782 0.0146517 0.120479 | j: 9
0.118465 -0.00430363 0.0738049 0.225044 -0.0143533 -0.218246 -0.36501 -0.456368 -0.456368 -0.36501 -0.218246 -0.0143532 0.225043 0.0738048 -0.00430361 0.118465 | j: 10
0.251442 0.0108621 0.0944437 0.275121 0.0406149 -0.201089 -0.316077 -0.448792 -0.448792 -0.316077 -0.201089 0.040615 0.275121 0.0944436 0.010862 0.251442 | j: 11
0.391676 0.242248 0.32034 0.323642 0.0972173 -0.0611547 -0.171638 -0.292178 -0.292178 -0.171638 -0.0611547 0.0972173 0.323642 0.32034 0.242248 0.391676 | j: 12
0.576863 0.481467 0.562375 0.409657 0.19477 0.0830984 -0.0271999 -0.137497 -0.137497 -0.0271999 0.0830985 0.19477 0.409657 0.562375 0.481467 0.576863 | j: 13
0.792994 0.722604 0.799633 0.556986 0.352228 0.227536 0.117239 0.00694119 0.00694125 0.117239 0.227536 0.352228 0.556986 0.799633 0.722604 0.792994 | j: 14
1.02213 0.968347 0.97598 0.738784 0.526505 0.378863 0.289071 0.229115 0.229115 0.289071 0.378863 0.526505 0.738784 0.97598 0.968347 1.02213 | j: 15

i : 4
1.84867 1.74761 -1.70557 1.67364 1.50053 1.37739 1.28247 1.19788 1.19788 1.28247 1.37739 1.50053 1.67364 -1.70557 1.74761 1.84867 | j: 0
1.61798 1.50147 -1.45486 1.42257 1.28508 1.14052 1.04175 0.950993 0.950993 1.04175 1.14052 1.28508 1.42257 -1.45486 1.50147 1.61798 | j: 1
1.39464 1.25761 -1.20418 1.17211 1.08592 0.910277 0.804609 0.706598 0.706598 0.804609 0.910277 1.08592 1.17211 -1.20418 1.25761 1.39464 | j: 2
1.17864 1.01761 -0.953493 0.921883 0.912163 0.695932 0.575479 0.468781 0.468781 0.575479 0.695932 0.912164 0.921883 -0.953493 1.01761 1.17864 | j: 3
0.96301 0.78502 -0.702809 0.672075 0.70706 0.50301 0.364588 0.24836 0.24836 0.364588 0.50301 0.70706 0.672075 -0.702809 0.78502 0.96301 | j: 4
0.748114 0.56605 -0.452125 0.423421 0.48402 0.33688 0.155245 0.0423872 0.0423872 0.155245 0.33688 0.48402 0.423421 -0.452125 0.56605 0.748114 | j: 5
0.535206 0.350394 -0.201441 0.180742 0.274534 0.1762 -0.0576174 -0.163585 -0.163585 -0.0576174 0.1762 0.274534 0.180742 -0.201441 0.350394 0.535206 | j: 6
0.331987 0.134738 0.0465397 0.0689688 0.0650479 0.00945798 -0.238728 -0.372567 -0.372567 -0.238728 0.00945804 0.0650478 0.0689688 0.0465396 0.134738 0.331987 | j: 7
0.226721 -0.00253093 0.0182175 0.0676977 -0.0521049 -0.187483 -0.396285 -0.557218 -0.557218 -0.396285 -0.187483 -0.0521048 0.0676977 0.0182174 -0.00253093 0.226721 | j: 8
0.162701 0.0282346 0.0571411 0.0627267 -0.12396 -0.321845 -0.501992 -0.636214 -0.636214 -0.501992 -0.321845 -0.12396 0.0627267 0.0571411 0.0282346 0.162701 | j: 9
0.116341 0.00465313 -0.0172539 0.0327966 -0.159363 -0.404658 -0.568694 -0.662979 -0.662979 -0.568694 -0.404658 -0.159363 0.0327965 -0.0172538 0.00465313 0.116341 | j: 10
0.24543 0.00277098 0.0307187 0.117895 -0.104395 -0.352784 -0.482018 -0.598171 -0.598171 -0.482018 -0.352784 -0.104395 0.117895 0.0307186 0.00277098 0.24543 | j: 11
0.379107 0.191884 0.272754 0.177586 -0.0561667 -0.22686 -0.33758 -0.447877 -0.447877 -0.33758 -0.22686 -0.0561667 0.177585 0.272754 0.191884 0.379107 | j: 12
0.550983 0.443326 0.506543 0.342461 0.0955206 -0.0826068 -0.193141 -0.303175 -0.303175 -0.193141 -0.0826068 0.0955207 0.34246 0.506543 0.443326 0.550983 | j: 13
0.768891 0.695808 0.749485 0.513306 0.278984 0.0616468 -0.0102301 -0.0565842 -0.0565842 -0.0102302 0.0616468 0.278984 0.513306 0.749485 0.695808 0.768891 | j: 14
1.00336 0.948519 0.934412 0.693369 0.462447 0.282715 0.236361 0.190007 0.190007 0.236361 0.282715 0.462447 0.693368 0.934413 0.948519 1.00336 | j: 15

i : 5
1.84354 1.74218 1.69064 1.62475 1.44341 1.33185 1.25583 1.16684 1.16684 1.25583 1.33185 1.44341 1.62475 1.69064 1.74218 1.84354 | j: 0
1.61218 1.49522 1.43955 1.4062 1.25752 1.10689 1.0137 0.92017 0.92017 1.0137 1.10689 1.25752 1.4062 1.43955 1.49522 1.61218 | j: 1
1.38836 1.25064 1.1885 1.15495 1.05318 0.870436 0.771563 0.676164 0.676164 0.771563 0.870436 1.05318 1.15495 1.1885 1.25064 1.38836 | j: 2
1.17563 1.01018 0.937545 0.903744 0.866578 0.643657 0.529431 0.436778 0.436778 0.529431 0.643657 0.866578 0.903744 0.937545 1.01018 1.17563 | j: 3
0.968872 0.777645 0.686767 0.65254 0.660337 0.444125 0.287299 0.195278 0.195278 0.287299 0.444125 0.660337 0.652539 0.686767 0.777645 0.968872 | j: 4
0.767988 0.56252 0.43648 0.401336 0.412798 0.272507 0.0543139 -0.0468544 -0.0468545 0.054314 0.272507 0.412798 0.401335 0.43648 0.56252 0.767988 | j: 5
0.579122 0.366068 0.188645 0.150131 0.180669 0.108869 -0.13618 -0.267887 -0.267887 -0.13618 0.108869 0.180669 0.150131 0.188646 0.366068 0.579122 | j: 6
0.418859 0.214634 0.0300396 -0.0972602 -0.0288172 -0.0850662 -0.299818 -0.47386 -0.47386 -0.299818 -0.0850661 -0.0288173 -0.0972602 0.0300398 0.214634 0.418859 | j: 7
0.339676 0.195154 0.164677 0.0292153 -0.18584 -0.281748 -0.463456 -0.685014 -0.685014 -0.463456 -0.281748 -0.18584 0.0292152 0.164677 0.195154 0.339676 | j: 8
0.294647 0.215631 0.150789 -0.0261066 -0.278638 -0.486632 -0.641456 -0.835214 -0.835214 -0.641456 -0.486632 -0.278637 -0.0261067 0.150789 0.215631 0.294647 | j: 9
0.266956 0.202264 0.0852202 -0.018621 -0.25018 -0.556083 -0.743605 -0.870647 -0.870647 -0.743605 -0.556083 -0.25018 -0.0186209 0.0852204 0.202264 0.266956 | j: 10
0.343462 0.198024 0.0390276 0.106491 -0.24306 -0.501115 -0.64796 -0.758257 -0.758257 -0.64796 -0.501115 -0.24306 0.106491 0.0390277 0.198024 0.343462 | j: 11
0.448834 0.288727 0.248993 0.125908 -0.120214 -0.363502 -0.503521 -0.588875 -0.588875 -0.503521 -0.363502 -0.120214 0.125908 0.248993 0.288727 0.448834 | j: 12
0.601093 0.498943 0.497967 0.299178 0.0508831 -0.180038 -0.29593 -0.342284 -0.342284 -0.29593 -0.180038 0.0508831 0.299177 0.497967 0.498943 0.601093 | j: 13
0.805558 0.735038 0.716189 0.471738 0.234346 0.0120763 -0.0493388 -0.0956929 -0.0956929 -0.0493388 0.0120764 0.234346 0.471738 0.716189 0.735038 0.805558 | j: 14
1.03173 0.978453 0.889613 0.648731 0.425812 0.240142 0.197252 0.150898 0.150898 0.197252 0.240142 0.425812 0.648731 0.889613 0.978453 1.03173 | j: 15

i : 6
1.86426 1.76123 1.68903 1.4569 1.25147 1.12097 1.0926 1.06177 1.06177 1.0926 1.12097 1.25147 1.4569 1.68903 1.76123 1.86426 | j: 0
1.63583 1.51903 1.44035 1.39101 1.23849 1.08386 0.987074 0.889386 0.889386 0.987074 1.08386 1.23849 1.39101 1.44035 1.51903 1.63583 | j: 1
1.41575 1.28031 1.19273 1.13981 1.05093 0.852025 0.744942 0.645912 0.645912 0.744942 0.852025 1.05093 1.13981 1.19273 1.28031 1.41575 | j: 2
1.2086 1.04743 0.946994 0.888613 0.861478 0.633354 0.50281 0.406838 0.406838 0.50281 0.633354 0.861478 0.888613 0.946994 1.04743 1.2086 | j: 3
1.01745 0.825558 0.705126 0.63742 0.641426 0.439321 0.260677 0.168033 0.168033 0.260677 0.439321 0.641426 0.63742 0.705126 0.825558 1.01745 | j: 4
0.839701 0.627496 0.473091 0.386242 0.389959 0.249871 0.0185986 -0.0734758 -0.0734758 0.0185986 0.249871 0.389959 0.386242 0.473091 0.627496 0.839701 | j: 5
0.685187 0.477094 0.276831 0.13516 0.138493 0.0469208 -0.172286 -0.315608 -0.315608 -0.172286 0.0469209 0.138493 0.13516 0.276831 0.477094 0.685187 | j: 6
0.573017 0.392738 0.190638 -0.0333507 -0.0157065 -0.17959 -0.35716 -0.55774 -0.55774 -0.35716 -0.17959 -0.0157064 -0.0333507 0.190638 0.392738 0.573017 | j: 7
0.523498 0.392839 0.279053 0.172967 -0.127331 -0.37627 -0.540247 -0.775837 -0.775837 -0.540247 -0.37627 -0.12733 0.172967 0.279053 0.392839 0.523498 | j: 8
0.492389 0.432653 0.316444 0.0804503 -0.235866 -0.552183 -0.733381 -0.939475 -0.939475 -0.733381 -0.552183 -0.235866 0.0804502 0.316444 0.432653 0.492389 | j: 9
0.47406 0.413604 0.208615 0.0368994 -0.300826 -0.63864 -0.92889 -1.06864 -1.06864 -0.92889 -0.63864 -0.300826 0.0368993 0.208615 0.413604 0.47406 | j: 10
0.520993 0.387916 0.224181 0.074114 -0.2637 -0.583244 -0.813901 -0.874575 -0.874575 -0.813901 -0.583244 -0.2637 0.0741139 0.224181 0.387916 0.520993 | j: 11
0.595752 0.453545 0.356517 0.093666 -0.166229 -0.404976 -0.583462 -0.627983 -0.627983 -0.583462 -0.404975 -0.166229 0.0936659 0.356517 0.453545 0.595752 | j: 12
0.717482 0.614712 0.513535 0.250782 0.0165551 -0.214092 -0.337278 -0.381392 -0.381392 -0.337278 -0.214092 0.0165551 0.250782 0.513536 0.614712 0.717482 | j: 13
0.895763 0.822066 0.669695 0.433473 0.199691 -0.021283 -0.0910938 -0.134802 -0.134802 -0.0910938 -0.0212829 0.199691 0.433473 0.669695 0.822066 0.895763 | j: 14
1.1036 1.04856 0.854964 0.623161 0.392453 0.197684 0.15509 0.111789 0.111789 0.15509 0.197684 0.392453 0.623161 0.854964 1.04856 1.1036 | j: 15

i : 7
1.90998 1.79738 1.58246 1.30424 1.06989 0.913819 0.878776 0.866346 0.866346 0.878776 0.913819 1.06989 1.30424 1.58246 1.79738 1.90998 | j: 0
1.68775 1.56327 1.46212 1.29208 1.05497 0.893056 0.848619 0.784601 0.784601 0.848619 0.893056 1.05497 1.29208 1.46212 1.56327 1.68775 | j: 1
1.47544 1.3354 1.22211 1.14312 1.05012 0.83711 0.718321 0.615773 0.615773 0.718321 0.83711 1.05012 1.14312 1.22211 1.3354 1.47544 | j: 2
1.27799 1.11758 0.987669 0.894426 0.861048 0.628248 0.476188 0.376898 0.376898 0.476188 0.628248 0.861048 0.894426 0.987669 1.11758 1.27799 | j: 3
1.10311 0.916988 0.763965 0.648994 0.657423 0.438511 0.234056 0.138093 0.138093 0.234056 0.438511 0.657423 0.648994 0.763965 0.916988 1.10311 | j: 4
0.951606 0.747637 0.563917 0.412696 0.418637 0.258578 0.0163551 -0.100712 -0.100712 0.0163551 0.258578 0.418637 0.412696 0.563917 0.747637 0.951606 | j: 5
0.829906 0.633614 0.422381 0.21687 0.19615 0.0654205 -0.170293 -0.342229 -0.342229 -0.170293 0.0654205 0.19615 0.21687 0.422382 0.633614 0.829906 | j: 6
0.751326 0.577248 0.354851 0.142798 -0.0310122 -0.168341 -0.337104 -0.584362 -0.584362 -0.337104 -0.168341 -0.0310121 0.142798 0.354851 0.577248 0.751326 | j: 7
0.726898 0.590524 0.4237 0.151324 -0.16721 -0.402102 -0.536279 -0.765975 -0.765975 -0.536279 -0.402102 -0.16721 0.151324 0.4237 0.590524 0.726898 | j: 8
0.700793 0.65086 0.378433 0.060822 -0.259561 -0.580223 -0.766619 -0.943245 -0.943245 -0.766619 -0.580223 -0.259561 0.0608219 0.378433 0.65086 0.700793 | j: 9
0.688429 0.587377 0.328644 -0.0140695 -0.351737 -0.673463 -0.902896 -1.12093 -1.12093 -0.902896 -0.673463 -0.351736 -0.0140696 0.328644 0.587377 0.688429 | j: 10
0.721553 0.575276 0.379113 0.0366362 -0.305841 -0.544738 -0.797561 -0.895023 -0.895023 -0.797561 -0.544738 -0.305841 0.0366361 0.379113 0.575276 0.721553 | j: 11
0.777255 0.635484 0.433959 0.0914816 -0.150589 -0.377373 -0.610694 -0.650338 -0.650338 -0.610694 -0.377373 -0.150589 0.0914815 0.433959 0.635484 0.777255 | j: 12
0.874063 0.763278 0.511648 0.258474 0.0488524 -0.207198 -0.36601 -0.405653 -0.405653 -0.36601 -0.207198 0.0488524 0.258473 0.511649 0.763278 0.874063 | j: 13
1.02547 0.939987 0.670067 0.457969 0.219027 -0.0370232 -0.121325 -0.160969 -0.160969 -0.121325 -0.0370231 0.219027 0.457969 0.670067 0.939987 1.02547 | j: 14
1.21125 1.0935 0.867023 0.645252 0.389202 0.164218 0.12336 0.0837161 0.0837161 0.12336 0.164218 0.389202 0.645252 0.867023 1.0935 1.21125 | j: 15

i : 8
1.97704 1.79675 1.47594 1.17271 0.904919 0.713642 0.668183 0.684748 0.684748 0.668183 0.713642 0.904919 1.17271 1.47594 1.79675 1.97704 | j: 0
1.76449 1.62514 1.46521 1.15917 0.887306 0.688505 0.631526 0.577181 0.577181 0.631526 0.688506 0.887306 1.15917 1.46521 1.62514 1.76449 | j: 1
1.56345 1.41007 1.2749 1.18699 0.908315 0.69212 0.602323 0.547983 0.547982 0.602323 0.69212 0.908315 1.18699 1.2749 1.41007 1.56345 | j: 2
1.37897 1.20902 1.05597 0.949844 0.874316 0.627152 0.449567 0.346958 0.346958 0.449567 0.627152 0.874316 0.949844 1.05597 1.20902 1.37897 | j: 3
1.21894 1.03023 0.854967 0.723463 0.682198 0.445445 0.212132 0.108153 0.108153 0.212132 0.445445 0.682198 0.723463 0.854967 1.03023 1.21894 | j: 4
1.09141 0.887246 0.687805 0.522038 0.448437 0.278634 0.0165741 -0.130652 -0.130652 0.0165741 0.278634 0.448437 0.522038 0.687805 0.887246 1.09141 | j: 5
0.996578 0.791886 0.576615 0.359281 0.214675 0.0839202 -0.150237 -0.369458 -0.369458 -0.150237 0.0839202 0.214675 0.359281 0.576615 0.791886 0.996578 | j: 6
0.936481 0.749025 0.521374 0.208325 -0.0190861 -0.149841 -0.317048 -0.579108 -0.579108 -0.317048 -0.149841 -0.019086 0.208324 0.521374 0.749025 0.936481 | j: 7
0.927341 0.758636 0.434366 0.110389 -0.208024 -0.383603 -0.517044 -0.745919 -0.745919 -0.517044 -0.383603 -0.208024 0.110389 0.434366 0.758636 0.927341 | j: 8
0.911978 0.694555 0.345848 0.0133125 -0.305865 -0.611729 -0.748119 -0.92323 -0.92323 -0.748119 -0.611729 -0.305865 0.0133124 0.345848 0.694555 0.911978 | j: 9
0.904087 0.700707 0.357937 0.0151682 -0.31812 -0.54667 -0.789752 -0.942231 -0.942231 -0.789752 -0.54667 -0.31812 0.0151681 0.357938 0.700706 0.904087 | j: 10
0.930367 0.734566 0.390845 0.0473497 -0.26286 -0.420393 -0.692895 -0.805471 -0.805471 -0.692895 -0.420393 -0.26286 0.0473496 0.390845 0.734566 0.930367 | j: 11
0.96952 0.787149 0.444672 0.10826 -0.0998048 -0.316603 -0.557423 -0.600798 -0.600798 -0.557423 -0.316603 -0.0998047 0.10826 0.444672 0.787149 0.96952 | j: 12
1.05115 0.850513 0.537388 0.296387 0.0769616 -0.172027 -0.314486 -0.356113 -0.356113 -0.314486 -0.172027 0.0769617 0.296387 0.537389 0.850513 1.05115 | j: 13
1.18136 0.966619 0.706942 0.491027 0.249771 0.000782833 -0.0715484 -0.111428 -0.111428 -0.0715484 0.000782905 0.249771 0.491027 0.706943 0.966619 1.18136 | j: 14
1.34614 1.12564 0.901497 0.672855 0.42258 0.216764 0.1729 0.133256 0.133256 0.1729 0.216764 0.422581 0.672855 0.901497 1.12564 1.34614 | j: 15

i : 9
2.05724 1.73111 1.39584 1.07014 0.767357 0.528434 0.464692 0.511019 0.511019 0.464692 0.528434 0.767357 1.07014 1.39584 1.73111 2.05724 | j: 0
1.856 1.70271 1.38448 1.05529 0.746505 0.495707 0.41556 0.379578 0.379578 0.41556 0.495707 0.746505 1.05529 1.38448 1.70271 1.856 | j: 1
1.66837 1.5014 1.35109 1.08837 0.77634 0.508801 0.386086 0.336972 0.336972 0.386086 0.508801 0.77634 1.08837 1.35109 1.5014 1.66837 | j: 2
1.49945 1.31733 1.14836 1.04888 0.811773 0.536605 0.388224 0.293979 0.293979 0.388224 0.536605 0.811773 1.04888 1.14836 1.31733 1.49945 | j: 3
1.35627 1.15877 0.969493 0.837578 0.701891 0.465501 0.204893 0.0782165 0.0782165 0.204893 0.465501 0.701891 0.837578 0.969493 1.15877 1.35627 | j: 4
1.2471 1.03747 0.805443 0.613743 0.473887 0.29908 0.0402735 -0.160592 -0.160592 0.0402735 0.29908 0.473887 0.613743 0.805443 1.03747 1.2471 | j: 5
1.17537 0.951189 0.658955 0.402894 0.252322 0.11231 -0.120785 -0.378085 -0.378085 -0.120785 0.11231 0.252322 0.402894 0.658955 0.951189 1.17537 | j: 6
1.12607 0.877376 0.555418 0.240538 0.0309133 -0.109099 -0.289396 -0.539144 -0.539144 -0.289396 -0.109099 0.0309133 0.240538 0.555418 0.877376 1.12607 | j: 7
1.11138 0.782806 0.460817 0.138859 -0.164873 -0.330508 -0.488837 -0.70649 -0.70649 -0.488837 -0.330508 -0.164873 0.138859 0.460818 0.782806 1.11138 | j: 8
1.06767 0.723654 0.383916 0.0447255 -0.277699 -0.551916 -0.700371 -0.898238 -0.898238 -0.700371 -0.551916 -0.277699 0.0447253 0.383916 0.723654 1.06767 | j: 9
1.07416 0.727414 0.384029 0.0877267 -0.238114 -0.419991 -0.657356 -0.763754 -0.763754 -0.657356 -0.419991 -0.238113 0.0877266 0.384029 0.727414 1.07416 | j: 10
1.11424 0.771559 0.433404 0.107009 -0.10528 -0.315407 -0.533631 -0.638779 -0.638779 -0.533631 -0.315407 -0.10528 0.107009 0.433404 0.771559 1.11424 | j: 11
1.14715 0.803547 0.461242 0.157912 0.0577756 -0.212365 -0.408873 -0.478861 -0.478861 -0.408873 -0.212365 0.0577756 0.157911 0.461242 0.803547 1.14715 | j: 12
1.19862 0.869092 0.566336 0.343921 0.164355 -0.109324 -0.260598 -0.305945 -0.305945 -0.260598 -0.109324 0.164355 0.343921 0.566336 0.869092 1.19862 | j: 13
1.29273 0.994875 0.744878 0.538165 0.288275 0.0391148 -0.017661 -0.0618884 -0.0618884 -0.017661 0.0391149 0.288275 0.538165 0.744879 0.994875 1.29273 | j: 14
1.42395 1.16028 0.939518 0.709901 0.460912 0.270623 0.225276 0.182796 0.182796 0.225276 0.270623 0.460912 0.709901 0.939518 1.16028 1.42395 | j: 15

i : 10
2.01222 1.67432 1.33865 1.00415 0.67419 0.380708 0.277404 0.307184 0.307184 0.277404 0.380708 0.67419 1.00415 1.33865 1.67432 2.01222 | j: 0
1.95881 1.65827 1.3214 0.985232 0.650358 0.335566 0.202501 0.204435 0.204435 0.202501 0.335566 0.650358 0.985232 1.3214 1.65827 1.95881 | j: 1
1.78421 1.60654 1.34828 1.01903 0.688993 0.365951 0.173533 0.121493 0.121493 0.173533 0.365952 0.688993 1.01903 1.34829 1.60654 1.78421 | j: 2
1.62974 1.43871 1.25973 1.05525 0.729178 0.405682 0.175416 0.111372 0.111372 0.175416 0.405682 0.729178 1.05525 1.25973 1.43871 1.62974 | j: 3
1.50164 1.28017 1.05602 0.894965 0.754953 0.451348 0.197239 -0.0201475 -0.0201475 0.197239 0.451348 0.754953 0.894964 1.05602 1.28017 1.50164 | j: 4
1.40314 1.1328 0.877116 0.674274 0.533544 0.34672 0.0929307 -0.197295 -0.197295 0.0929307 0.34672 0.533544 0.674274 0.877117 1.1328 1.40314 | j: 5
1.30169 1.00738 0.718839 0.4761 0.312135 0.152554 -0.0689185 -0.325428 -0.325428 -0.0689185 0.152554 0.312135 0.4761 0.718839 1.00738 1.30169 | j: 6
1.19422 0.886465 0.588047 0.314239 0.0907256 -0.0587316 -0.262121 -0.479059 -0.479059 -0.262121 -0.0587315 0.0907257 0.314239 0.588048 0.886465 1.19422 | j: 7
1.13396 0.803444 0.491764 0.169806 -0.0878402 -0.271506 -0.456426 -0.626057 -0.626057 -0.456426 -0.271506 -0.0878401 0.169806 0.491764 0.803444 1.13396 | j: 8
1.10656 0.766905 0.427575 0.0882448 -0.246753 -0.48992 -0.666816 -0.71279 -0.71279 -0.666816 -0.48992 -0.246753 0.0882447 0.427575 0.766905 1.10656 | j: 9
1.09511 0.746522 0.397942 0.0496283 -0.176537 -0.331862 -0.492487 -0.593775 -0.593775 -0.492487 -0.331862 -0.176537 0.0496282 0.397942 0.746522 1.09511 | j: 10
1.13264 0.795261 0.474394 0.18702 0.0457086 -0.181557 -0.354936 -0.460085 -0.460085 -0.354936 -0.181557 0.0457086 0.18702 0.474394 0.795261 1.13264 | j: 11
1.19026 0.858254 0.543907 0.292366 0.165551 -0.0847001 -0.230178 -0.314803 -0.314803 -0.230178 -0.0847001 0.165551 0.292366 0.543907 0.858254 1.19026 | j: 12
1.2353 0.919017 0.640317 0.468544 0.268592 0.0121569 -0.0971061 -0.15225 -0.15225 -0.0971061 0.0121569 0.268593 0.468544 0.640318 0.919017 1.2353 | j: 13
1.32736 1.03948 0.803697 0.642763 0.371634 0.124485 0.0654465 0.0103021 0.0103021 0.0654465 0.124485 0.371634 0.642763 0.803697 1.03948 1.32736 | j: 14
1.45799 1.20182 0.997084 0.764897 0.501283 0.325771 0.279164 0.233817 0.233817 0.279164 0.325771 0.501283 0.764897 0.997084 1.20182 1.45799 | j: 15

i : 11
1.97531 1.62986 1.28755 0.951783 0.624781 0.319198 0.165782 0.126502 0.126502 0.165782 0.319198 0.624781 0.951783 1.28755 1.62986 1.97531 | j: 0
1.96167 1.61329 1.26652 0.923143 0.586079 0.252639 -0.00995876 0.0129341 0.0129341 -0.00995877 0.25264 0.586079 0.923143 1.26652 1.61329 1.96167 | j: 1
1.90898 1.63321 1.28941 0.950306 0.620023 0.29129 -0.037618 -0.0939859 -0.0939859 -0.037618 0.29129 0.620023 0.950306 1.28941 1.63321 1.90898 | j: 2
1.7596 1.52296 1.31972 0.984301 0.658161 0.332249 0.0063375 -0.0997785 -0.0997785 0.00633751 0.332249 0.658161 0.984301 1.31972 1.52296 1.7596 | j: 3
1.59303 1.35623 1.12694 0.935795 0.694383 0.371477 0.0484785 -0.135 -0.135 0.0484785 0.371477 0.694383 0.935794 1.12694 1.35623 1.59303 | j: 4
1.41903 1.16967 0.939554 0.727832 0.568171 0.373995 0.0866736 -0.240856 -0.240856 0.0866736 0.373995 0.568171 0.727832 0.939554 1.16967 1.41903 | j: 5
1.27181 0.988511 0.749866 0.536934 0.366776 0.180713 -0.0415652 -0.248393 -0.248393 -0.0415652 0.180713 0.366776 0.536934 0.749867 0.988511 1.27181 | j: 6
1.16158 0.841978 0.561573 0.346581 0.153104 -0.0254243 -0.19803 -0.328465 -0.328465 -0.19803 -0.0254242 0.153104 0.346581 0.561573 0.841978 1.16158 | j: 7
1.09953 0.754075 0.41841 0.156292 -0.0259245 -0.23671 -0.400392 -0.519942 -0.519942 -0.400392 -0.23671 -0.0259244 0.156292 0.41841 0.754075 1.09953 | j: 8
1.08133 0.734247 0.391627 0.0859314 -0.207067 -0.444236 -0.577926 -0.550835 -0.550835 -0.577926 -0.444236 -0.207066 0.0859313 0.391627 0.734247 1.08133 | j: 9
1.07783 0.739487 0.419984 0.0903524 -0.187955 -0.319823 -0.350572 -0.411492 -0.411492 -0.350572 -0.319823 -0.187955 0.0903523 0.419985 0.739487 1.07783 | j: 10
1.08773 0.7638 0.45459 0.175907 0.0316935 -0.079621 -0.179105 -0.28195 -0.28195 -0.179105 -0.079621 0.0316935 0.175907 0.45459 0.7638 1.08773 | j: 11
1.13523 0.830315 0.568484 0.398989 0.258148 0.0538288 -0.051484 -0.150746 -0.150746 -0.0514841 0.0538288 0.258148 0.398989 0.568484 0.830315 1.13523 | j: 12
1.2338 0.960701 0.751295 0.607954 0.388755 0.178422 0.0732734 0.0118069 0.0118069 0.0732733 0.178422 0.388755 0.607954 0.751295 0.960701 1.2338 | j: 13
1.37249 1.12495 0.911557 0.74955 0.485612 0.303179 0.229504 0.17436 0.17436 0.229504 0.303179 0.485612 0.74955 0.911557 1.12495 1.37249 | j: 14
1.52011 1.27647 1.09165 0.852776 0.589389 0.447593 0.392503 0.337432 0.337432 0.392503 0.447593 0.589389 0.852776 1.09165 1.27647 1.52011 | j: 15

i : 12
1.96225 1.614 1.26742 0.924386 0.591098 0.291514 0.116415 0.0771989 0.0771989 0.116415 0.291514 0.591098 0.924386 1.26742 1.614 1.96225 | j: 0
1.94852 1.59728 1.24605 0.894858 0.543763 0.193266 -0.107577 -0.173862 -0.173862 -0.107577 0.193266 0.543763 0.894858 1.24605 1.59728 1.94852 | j: 1
1.95654 1.61423 1.26437 0.914748 0.56584 0.221031 -0.10824 -0.243623 -0.243623 -0.10824 0.221031 0.56584 0.914748 1.26437 1.61423 1.95654 | j: 2
1.77576 1.5307 1.28775 0.941004 0.595745 0.256079 -0.0672107 -0.315258 -0.315258 -0.0672107 0.256079 0.595745 0.941003 1.28775 1.5307 1.77576 | j: 3
1.59741 1.34934 1.10543 0.904602 0.633301 0.292263 -0.0319845 -0.310613 -0.310613 -0.0319845 0.292263 0.633301 0.904602 1.10543 1.34934 1.59741 | j: 4
1.42566 1.17113 0.92298 0.686971 0.518108 0.351753 0.0328304 -0.287877 -0.287877 0.0328304 0.351753 0.518108 0.686971 0.92298 1.17113 1.42566 | j: 5
1.27919 0.997997 0.745068 0.496831 0.294127 0.131695 0.0746685 -0.207904 -0.207904 0.0746685 0.131695 0.294127 0.496831 0.745068 0.997997 1.27919 | j: 6
1.16966 0.853095 0.575764 0.320127 0.0745818 -0.0709182 -0.151895 -0.286385 -0.286385 -0.151895 -0.0709182 0.0745818 0.320127 0.575764 0.853095 1.16966 | j: 7
1.10718 0.766403 0.440353 0.176601 -0.064787 -0.244419 -0.347742 -0.385478 -0.385478 -0.347742 -0.244419 -0.0647869 0.176601 0.440353 0.766403 1.10718 | j: 8
1.06967 0.721818 0.377168 0.0813102 -0.170792 -0.304345 -0.420349 -0.421088 -0.421088 -0.402579 -0.303515 -0.170792 0.0813101 0.377169 0.721818 1.06967 | j: 9
1.04469 0.695339 0.346446 0.0150025 -0.22615 -0.307418 -0.282223 -0.240958 -0.240958 -0.282223 -0.307625 -0.22615 0.0150024 0.346446 0.695339 1.04469 | j: 10
1.03953 0.693762 0.35884 0.10486 -0.00112363 -0.126328 -0.0336477 -0.113457 -0.113457 -0.0336477 -0.126328 -0.00112361 0.10486 0.35884 0.693762 1.03953 | j: 11
1.08914 0.766093 0.484106 0.336494 0.220072 0.0891289 0.12471 0.0220619 0.0220619 0.12471 0.089129 0.220072 0.336494 0.484106 0.766093 1.08914 | j: 12
1.19153 0.905771 0.684018 0.568133 0.441562 0.265922 0.182783 0.175865 0.175865 0.182783 0.265922 0.441562 0.568133 0.684018 0.905771 1.19153 | j: 13
1.33461 1.08714 0.910677 0.798163 0.624075 0.454803 0.38912 0.338417 0.338417 0.38912 0.454804 0.624075 0.798163 0.910677 1.08714 1.33461 | j: 14
1.50684 1.29277 1.14741 0.96144 0.73354 0.612931 0.556114 0.50097 0.50097 0.556114 0.612931 0.733541 0.96144 1.14741 1.29277 1.50684 | j: 15

i : 13
1.97351 1.62767 1.28479 0.948054 0.627465 0.364148 0.193492 0.136413 0.136413 0.193492 0.364149 0.627465 0.948053 1.28479 1.62767 1.97351 | j: 0
1.95986 1.61109 1.26371 0.919286 0.582796 0.279937 0.0399752 -0.0648833 -0.0648833 0.0399752 0.279937 0.582796 0.919286 1.26371 1.61109 1.95986 | j: 1
1.9698 1.62364 1.27543 0.928722 0.586161 0.264414 -0.00562133 -0.0387663 -0.0387663 -0.00562133 0.264414 0.586162 0.928722 1.27543 1.62364 1.9698 | j: 2
1.79697 1.54423 1.29255 0.947557 0.606043 0.2792 0.0112889 -0.176625 -0.176625 0.0112889 0.2792 0.606043 0.947557 1.29255 1.54423 1.79697 | j: 3
1.62826 1.37329 1.12245 0.925482 0.642998 0.31272 0.0300827 -0.180769 -0.180769 0.0300827 0.31272 0.642998 0.925482 1.12245 1.37329 1.62826 | j: 4
1.46529 1.20849 0.952108 0.714042 0.556481 0.372238 0.0852605 -0.174628 -0.174628 0.0852605 0.372238 0.556481 0.714042 0.952108 1.20849 1.46529 | j: 5
1.32322 1.05267 0.79589 0.539325 0.354875 0.22979 0.140931 -0.15527 -0.15527 0.140931 0.22979 0.354875 0.539325 0.79589 1.05267 1.32322 | j: 6
1.21766 0.917797 0.658419 0.41243 0.18974 0.0555252 -0.0701347 -0.210494 -0.210494 -0.0701347 0.0555253 0.18974 0.41243 0.65842 0.917797 1.21766 | j: 7
1.14939 0.830423 0.550024 0.306425 0.0639061 -0.0638178 -0.142425 -0.167305 -0.167305 -0.142425 -0.0638177 0.0639062 0.306425 0.550024 0.830423 1.14939 | j: 8
1.0928 0.760265 0.454114 0.217736 0.0109687 -0.0990487 -0.207101 -0.207281 -0.207281 -0.188595 -0.0974749 0.0109688 0.217736 0.454115 0.760265 1.0928 | j: 9
1.04697 0.703726 0.372481 0.124654 -0.0395154 -0.11234 -0.209515 -0.200646 -0.200646 -0.209332 -0.117639 -0.0395153 0.124654 0.372481 0.703726 1.04697 | j: 10
1.03626 0.688853 0.349255 0.103899 -0.0428217 -0.149303 -0.121833 0.00967935 0.00967937 -0.121833 -0.149303 -0.0428216 0.103899 0.349255 0.688853 1.03626 | j: 11
1.08602 0.76165 0.477045 0.312715 0.159254 0.00995606 -0.0898412 0.104365 0.104366 -0.0898412 0.00995613 0.159254 0.312715 0.477045 0.76165 1.08602 | j: 12
1.18868 0.902016 0.679039 0.545315 0.384003 0.198466 0.0746623 0.199453 0.199453 0.0746623 0.198466 0.384003 0.545315 0.679039 0.902016 1.18868 | j: 13
1.33207 1.08401 0.906937 0.770417 0.602008 0.386975 0.289564 0.382152 0.382152 0.289564 0.386976 0.602008 0.770417 0.906937 1.08401 1.33207 | j: 14
1.50459 1.29014 1.14193 0.993677 0.792148 0.581305 0.51463 0.602925 0.602925 0.51463 0.581305 0.792148 0.993677 1.14193 1.29014 1.50459 | j: 15

i : 14
2.00868 1.67014 1.33818 1.01924 0.730592 0.505932 0.317853 0.267179 0.267179 0.317853 0.505932 0.730593 1.01924 1.33818 1.67014 2.00868 | j: 0
1.99527 1.65398 1.31794 0.991966 0.690139 0.419048 0.211677 0.114994 0.114994 0.211677 0.419048 0.690139 0.991966 1.31794 1.65398 1.99527 | j: 1
2.00396 1.66095 1.32171 0.990133 0.67755 0.403034 0.159034 0.0597152 0.0597152 0.159034 0.403034 0.67755 0.990133 1.32171 1.66095 2.00396 | j: 2
1.8413 1.58692 1.33372 1.00298 0.689494 0.417027 0.149083 0.0403699 0.0403699 0.149083 0.417027 0.689494 1.00298 1.33372 1.58692 1.8413 | j: 3
1.6841 1.4271 1.18049 0.995161 0.722191 0.441875 0.158631 0.0291022 0.0291022 0.158631 0.441875 0.722191 0.995161 1.18049 1.4271 1.6841 | j: 4
1.53465 1.27861 1.02304 0.802198 0.668225 0.475289 0.196831 0.0349822 0.0349822 0.196831 0.475289 0.668225 0.802198 1.02304 1.27861 1.53465 | j: 5
1.40044 1.14289 0.892885 0.651577 0.505738 0.357792 0.229311 -0.0464812 -0.0464812 0.229311 0.357792 0.505738 0.651577 0.892885 1.14289 1.40044 | j: 6
1.30092 1.026 0.783642 0.541456 0.342178 0.205189 0.0495138 -0.0487393 -0.0487393 0.0495138 0.205189 0.342178 0.541456 0.783642 1.026 1.30092 | j: 7
1.22124 0.93108 0.682206 0.436932 0.2609 0.088921 0.0351051 0.0455877 0.0455877 0.0351051 0.088921 0.2609 0.436932 0.682207 0.93108 1.22124 | j: 8
1.1486 0.842652 0.587591 0.355957 0.205616 0.111374 0.010293 0.00521058 0.00521058 0.0242608 0.108565 0.205616 0.355957 0.587591 0.842652 1.1486 | j: 9
1.08863 0.76538 0.482976 0.276666 0.134752 0.0792285 -0.000125823 -0.0389063 -0.0389063 0.00707964 0.0708509 0.134752 0.276666 0.482977 0.76538 1.08863 | j: 10
1.07833 0.750646 0.45927 0.251616 0.0812356 0.0282005 0.0139066 -0.0459317 -0.0459317 0.0139066 0.0282005 0.0812356 0.251616 0.459271 0.750646 1.07833 | j: 11
1.12622 0.817962 0.562603 0.412266 0.245377 0.0623555 -0.104573 0.032137 0.032137 -0.104573 0.0623556 0.245377 0.412266 0.562603 0.817962 1.12622 | j: 12
1.22552 0.950044 0.74165 0.599729 0.417436 0.193522 0.0243022 0.125988 0.125988 0.0243022 0.193522 0.417436 0.599729 0.74165 0.950044 1.22552 | j: 13
1.36505 1.12429 0.953635 0.80003 0.603328 0.361684 0.242916 0.322665 0.322665 0.242916 0.361684 0.603328 0.80003 0.953635 1.12429 1.36505 | j: 14
1.53386 1.32417 1.17628 1.0107 0.783999 0.558467 0.488685 0.565759 0.565759 0.488685 0.558467 0.783999 1.0107 1.17628 1.32417 1.53386 | j: 15

i : 15
2.06654 1.7393 1.42356 1.129 0.873565 0.654928 0.499416 0.42585 0.42585 0.499416 0.654929 0.873565 1.129 1.42356 1.7393 2.06654 | j: 0
2.0535 1.72365 1.40371 1.1023 0.827064 0.564101 0.411918 0.325449 0.325449 0.411918 0.564101 0.827064 1.1023 1.40371 1.72365 2.0535 | j: 1
2.05738 1.72434 1.39971 1.091 0.811708 0.546218 0.363388 0.27069 0.27069 0.363388 0.546218 0.811708 1.091 1.39971 1.72434 2.05738 | j: 2
1.90713 1.65763 1.40807 1.09992 0.822765 0.553298 0.349558 0.258705 0.258705 0.349558 0.553298 0.822765 1.09992 1.40807 1.65763 1.90713 | j: 3
1.76257 1.50758 1.27396 1.10444 0.851393 0.570219 0.340803 0.24354 0.24354 0.340803 0.57022 0.851393 1.10444 1.27396 1.50758 1.76257 | j: 4
1.62767 1.37649 1.12965 0.934305 0.810702 0.60222 0.35815 0.208644 0.208644 0.35815 0.60222 0.810702 0.934304 1.12965 1.37649 1.62767 | j: 5
1.50575 1.26086 1.01944 0.794233 0.642213 0.48991 0.320474 0.0995482 0.0995482 0.320474 0.48991 0.642213 0.794233 1.01944 1.26086 1.50575 | j: 6
1.4082 1.15566 0.913296 0.677275 0.517882 0.392344 0.244722 0.14697 0.14697 0.244722 0.392344 0.517882 0.677275 0.913297 1.15566 1.4082 | j: 7
1.31789 1.05797 0.813068 0.602051 0.440308 0.289223 0.209884 0.243962 0.243962 0.209884 0.289223 0.440308 0.602051 0.813068 1.05797 1.31789 | j: 8
1.23266 0.957707 0.739952 0.534221 0.395886 0.302943 0.226714 0.220736 0.220736 0.237117 0.314605 0.395886 0.534221 0.739952 0.957707 1.23266 | j: 9
1.17039 0.877778 0.641657 0.430507 0.317302 0.242341 0.21405 0.151946 0.151946 0.223491 0.242341 0.317302 0.430507 0.641657 0.877778 1.17039 | j: 10
1.16081 0.864961 0.626037 0.419043 0.260877 0.198531 0.201111 0.080589 0.0805891 0.201111 0.198531 0.260877 0.419042 0.626037 0.864961 1.16081 | j: 11
1.20543 0.923986 0.706677 0.541413 0.36992 0.192284 0.0824043 0.162532 0.162532 0.0824043 0.192284 0.36992 0.541413 0.706677 0.923986 1.20543 | j: 12
1.29869 1.04272 0.856815 0.711818 0.533398 0.325172 0.188604 0.246949 0.246949 0.188604 0.325172 0.533398 0.711818 0.856815 1.04272 1.29869 | j: 13
1.4311 1.20363 1.04329 0.881238 0.676451 0.449827 0.35551 0.393264 0.393264 0.35551 0.449827 0.676451 0.881238 1.04329 1.20363 1.4311 | j: 14
1.59293 1.39216 1.24715 1.07036 0.832947 0.617732 0.555446 0.608955 0.608955 0.555446 0.617732 0.832947 1.07036 1.24715 1.39216 1.59293 | j: 15

